88888888888888888888888888888888888888 8888888888888888888888888888888888888888888
888      8      8      8      8      8      8      8      8      8      8      888
88                                                                              88
888      8      8      8      8      8      8      8      8      8      8      888
88888  88888  88888  88888  88888  88888  88888  88888  88888  88888  88888  88888
888      8      8      8      8      8      8      8      8      8      8      888
88                                                                              88
888      8      8      8      8      8      8      8      8      8      8      888
88888  88888  88888  88888  88888  88888  88888  88888  88888  88888  88888  88888
888      8      8      8      8      8      8      8      8      8      8      888
88                                                                              88
888      8      8      8      8      8      8      8      8      8      8      888
88888  88888  88888  88888  88888  88888  88888  88888  88888  88888  88888  88888
888      8      8      8      8      8      8      8      8      8      8      888
88                                                                              88
888      8      8      8      8      8      8      8      8      8      8      888
88888  88888  88888  88888  88888  88888  88888  88888  88888  88888  88888  88888
888      8      8      8      8      8      8      8      8      8      8      888
88                                                                              88
888      8      8      8      8      8      8      8      8      8      8      888
88888  88888  88888  88888  88888  88888  88888  88888  88888  88888  88888  88888
888      8      8      8      8      8      8      8      8      8      8      888
88                                                                              88
888      8      8      8      8      8      8      8      8      8      8      888
88888  88888  88888  88888  88888  88888  88888  88888  88888  88888  88888  88888
888      8      8      8      8      8      8      8      8      8      8      888
88                                                                              88
888      8      8      8      8      8      8      8      8      8      8      888
88888  88888  88888  88888  88888  88888  88888  88888  88888  88888  88888  88888
888      8      8      8      8      8      8      8      8      8      8      888
88                                                                              88
888      8      8      8      8      8      8      8      8      8      8      888
88888  88888  88888  88888  88888  88888  88888  88888  88888  88888  88888  88888
8                                                                                8
888888888888888888888888888888888888888888888888888888888888 888888888888888888888