88888888888888888888888888888888888888 8888888888888888888888888888888888888888888
8O                                                                               8
888888 8888888888888 88888888888888888888888 88888888888888888888888888888888888 8
8    8 888         8 8                     8 8                                O8 8
8 88 8 888 8888888   888 888888888888888 888 8 88888888888888888888888 888888888 8
8  8 8   8 8888888888888 88            8 8O                   8        8   8   8 8
88 8   8 8 8   8   8      8 888888888888 88888888888888888888 888888 888 8 8 8 8 8
88 88888 8   8 8 8 8 8                 8 8   8   8   8   8         8     8   8   8
88     8 8 888   8   8    88888888 88888   8   8   8   8   8       8888888888888 8
888 88 8 8 8888888888888888      8 8 8 88888888888888888888888 88888          O8 8
8O8 88 8 8            8          8 8 8 8                     8 88888 8888888 888 8
8 8 88 8 888888888888 8888888 8 88 8 8 888888888888 88888888         8     8  88 8
8 8 88 8            8         8    8 8     8   8    8   88888888888888  88  8  8 8
8 8 8  888888 88888888888888 88 8888 88888 8 8 8 8  8 8   8    8   8    888 8  8 8
8 8 8 8   888             O8 8           8   8   8    8   8      8   888888    8 8
8   8   8   8 88888888888888 88888888888 888888888888888888888 88888888888888888 8
8   8 888 888                8                                                   8
8 8 8         88888888888 88888888888888888888 88888888888888888888888888888 888 8
8 8  888888888888888 8    8                  8    8                      8     888
8 88 8             8 8 88 8888888888     8   8 8  8 8 88888888888 88888888       8
8 88   88888888888 8   8                 8    88  8 8 8O          8   8  8888 8888
8 8888888888888888 88888888888888888888888888       8 88888888888   8            8
8 8                              8    8     888888888888888888888888888 8888888888
8 8 888888888888888888888888 88888 88 8   888                                    8
8 8          8         8         8  8   8   8 8888888888888888888888888888888888 8
8 8888888888 8 8888    8         8 888888   8 8O          88888888888888888888 8 8
8 8          8   O8    8888      8      8   8 88888888 88 8                    8 8
8 8 8 8 8888 8    8     8        8    O88   8 8      8  8 8 888888888888888888 8 8
8 8 8 8 8    8 8  8888888      8 8 88888888 8   888 88  8 8 8                  8 8
8 8 8 8O8  888 8          888888          8 8 8   8     8   8 888888888888888888 8
8 888 888      8          8   88888888888 8 8 888888888888888 8 8   8   8        8
8       8888888888888888888 8 88888888888 8 8               8   8 8 8 8 8 88888888
8         8   8   8   8   8 8 8888888     8 88888888 88888888 8 8 8 8 8         O8
8O      8   8   8   8   8   8         88888            8      8   8   888888888888
888888888888888888888888888888888888888888888888888888888888 888888888888888888888