88888888888888888888888888888888888888 8888888888888888888888888888888888888888888
8 8   8   8   8   8   8   8   8   8       8   8   8   8   8   8   8   8   8   8  8
8   8   8   8   8   8   8   8   8   8   8   8   8   8   8   8   8   8   8   8   88
8 8   8   8   8   8   8   8   8   8   8   8   8   8   8   8   8   8   8   8   8  8
8   8   8   8   8   8   8   8   8   8   8   8   8   8   8   8   8   8   8   8   88
8 8   8   8   8   8   8   8   8   8   8   8   8   8   8   8   8   8   8   8   8  8
8   8   8   8   8   8   8   8   8   8   8   8   8   8   8   8   8   8   8   8   88
8 8   8   8   8   8   8   8   8   8   8   8   8   8   8   8   8   8   8   8   8  8
8   8   8   8   8   8   8   8   8   8   8   8   8   8   8   8   8   8   8   8   88
8 8   8   8   8   8   8   8   8   8   8   8   8   8   8   8   8   8   8   8   8  8
8   8   8   8   8   8   8   8   8   8   8   8   8   8   8   8   8   8   8   8   88
8 8   8   8   8   8   8   8   8   8   8   8   8   8   8   8   8   8   8   8   8  8
8   8   8   8   8   8   8   8   8   8   8   8   8   8   8   8   8   8   8   8   88
8 8   8   8   8   8   8   8   8   8   8   8   8   8   8   8   8   8   8   8   8  8
8   8   8   8   8   8   8   8   8   8   8   8   8   8   8   8   8   8   8   8   88
8 8   8   8   8   8   8   8   8   8   8   8   8   8   8   8   8   8   8   8   8  8
8   8   8   8   8   8   8   8   8   8   8   8   8   8   8   8   8   8   8   8   88
8 8   8   8   8   8   8   8   8   8   8   8   8   8   8   8   8   8   8   8   8  8
8   8   8   8   8   8   8   8   8   8   8   8   8   8   8   8   8   8   8   8   88
8 8   8   8   8   8   8   8   8   8   8   8   8   8   8   8   8   8   8   8   8  8
8   8   8   8   8   8   8   8   8   8   8   8   8   8   8   8   8   8   8   8   88
8 8   8   8   8   8   8   8   8   8   8   8   8   8   8   8   8   8   8   8   8  8
8   8   8   8   8   8   8   8   8   8   8   8   8   8   8   8   8   8   8   8   88
8 8   8   8   8   8   8   8   8   8   8   8   8   8   8   8   8   8   8   8   8  8
8   8   8   8   8   8   8   8   8   8   8   8   8   8   8   8   8   8   8   8   88
8 8   8   8   8   8   8   8   8   8   8   8   8   8   8   8   8   8   8   8   8  8
8   8   8   8   8   8   8   8   8   8   8   8   8   8   8   8   8   8   8   8   88
8 8   8   8   8   8   8   8   8   8   8   8   8   8   8   8   8   8   8   8   8  8
8   8   8   8   8   8   8   8   8   8   8   8   8   8   8   8   8   8   8   8   88
8 8   8   8   8   8   8   8   8   8   8   8   8   8   8   8   8   8   8   8   8  8
8   8   8   8   8   8   8   8   8   8   8   8   8   8   8   8   8   8   8   8   88
8 8   8   8   8   8   8   8   8   8   8   8   8   8   8   8   8   8   8   8   8  8
8   8   8   8   8   8   8   8   8   8   8   8   8   8   8   8   8   8   8   8   88
8 8   8   8   8   8   8   8   8   8   8   8   8   8   8   8   8   8   8   8   8  8
888888888888888888888888888888888888888888888888888888888888 888888888888888888888