88888888888888888888888888888888888888 8888888888888888888888888888888888888888888
88  8     8     8     8     8     8     8     8     8     8     8     8     8    8
888   888   888   888   888   888   888   888   888   888   888   888   888   8888
88  8     8     8     8     8     8     8     8     8     8     8     8     8    8
888   888   888   888   888   888   888   888   888   888   888   888   888   8888
8888 88888 88888 88888 88888 88888 88888 88888 88888 88888 88888 88888 88888 88888
888   888   888   888   888   888   888   888   888   888   888   888   888   8888
88  8     8     8     8     8     8     8     8     8     8     8     8     8    8
888   888   888   888   888   888   888   888   888   888   888   888   888   8888
88  8     8     8     8     8     8     8     8     8     8     8     8     8    8
888   888   888   888   888   888   888   888   888   888   888   888   888   8888
8888 88888 88888 88888 88888 88888 88888 88888 88888 88888 88888 88888 88888 88888
888   888   888   888   888   888   888   888   888   888   888   888   888   8888
88  8     8     8     8     8     8     8     8     8     8     8     8     8    8
888   888   888   888   888   888   888   888   888   888   888   888   888   8888
88  8     8     8     8     8     8     8     8     8     8     8     8     8    8
888   888   888   888   888   888   888   888   888   888   888   888   888   8888
8888 88888 88888 88888 88888 88888 88888 88888 88888 88888 88888 88888 88888 88888
888   888   888   888   888   888   888   888   888   888   888   888   888   8888
88  8     8     8     8     8     8     8     8     8     8     8     8     8    8
888   888   888   888   888   888   888   888   888   888   888   888   888   8888
88  8     8     8     8     8     8     8     8     8     8     8     8     8    8
888   888   888   888   888   888   888   888   888   888   888   888   888   8888
8888 88888 88888 88888 88888 88888 88888 88888 88888 88888 88888 88888 88888 88888
888   888   888   888   888   888   888   888   888   888   888   888   888   8888
88  8     8     8     8     8     8     8     8     8     8     8     8     8    8
888   888   888   888   888   888   888   888   888   888   888   888   888   8888
88  8     8     8     8     8     8     8     8     8     8     8     8     8    8
888   888   888   888   888   888   888   888   888   888   888   888   888   8888
8888 88888 88888 88888 88888 88888 88888 88888 88888 88888 88888 88888 88888 88888
888   888   888   888   888   888   888   888   888   888   888   888   888   8888
88  8     8     8     8     8     8     8     8     8     8     8     8     8    8
888   888   888   888   888   888   888   888   888   888   888   888   888   8888
88  8     8     8     8     8     8     8     8     8     8     8     8     8    8
888888888888888888888888888888888888888888888888888888888888 888888888888888888888